params 512 22
4205569 4174660

params 512 23
8392193 8354553

params 512 24
16777729 16768604

params 512 25
33556993 33487944

params 512 26
67118593 66230985

params 512 27
134221313 134198785

params 512 28
268440577 266378153

params 512 29
536874497 534843467

params 512 30
1073750017 1063435359

params 512 31
2147484161 2132641163

params 512 32
4294968833 4289589569

params 512 33
8589952001 8568593202

params 512 34
17179869697 17119445693

params 512 35
34359753217 34287491896

params 512 36
68719484929 68406334301

params 512 37
137438960129 136605397827

params 512 38
274877908993 274605400221

params 512 39
549755829761 548140333638

params 512 40
1099511630849 1099188822927

params 512 41
2199023265793 2196548298611

params 512 42
4398046523393 4384869648710

params 512 43
8796093025793 8764915645270

params 512 44
17592186045953 17590586201632

params 512 45
35184372096001 35033469832794

params 512 46
70368744180737 70216618783015

params 512 47
140737488357377 140299970211086

params 512 48
281474976729601 281057116170143

params 512 49
562949953438721 558977694507269

params 512 50
1125899906844161 1123897446934361

params 512 51
2251799813692417 2233652031186631

params 512 52
4503599627386369 4488850849322941

params 512 53
9007199254746113 8952256101300335

params 512 54
18014398509485569 17904540531803736

params 512 55
36028797018964481 35987074122920157

params 512 56
72057594037934081 71328905901967028

params 512 57
144115188075856897 142898663778669276

params 512 58
288230376151736833 287462929181372946

params 512 59
576460752303436801 574767696988300809

params 512 60
1152921504606877697 1152794734855775546

params 1024 22
4205569 4204827

params 1024 23
8399873 8384586

params 1024 24
16780289 16771672

params 1024 25
33564673 33278458

params 1024 26
67126273 66868222

params 1024 27
134224897 133883332

params 1024 28
268440577 267691169

params 1024 29
536881153 535427269

params 1024 30
1073750017 1071388583

params 1024 31
2147493889 2141310821

params 1024 32
4294988801 4294198733

params 1024 33
8589952001 8588336130

params 1024 34
17179875329 17161454870

params 1024 35
34359754753 34346312299

params 1024 36
68719484929 68682252219

params 1024 37
137439004673 137275979416

params 1024 38
274877908993 274774465300

params 1024 39
549755860993 548352866843

params 1024 40
1099511630849 1095283752661

params 1024 41
2199023265793 2196559856235

params 1024 42
4398046523393 4378486466244

params 1024 43
8796093027329 8795876170598

params 1024 44
17592186047489 17589371642186

params 1024 45
35184372096001 35135351255439

params 1024 46
70368744180737 70332407106399

params 1024 47
140737488357377 140650756724743

params 1024 48
281474976732161 280844790869245

params 1024 49
562949953438721 562311060347475

params 1024 50
1125899906856961 1125004455365708

params 1024 51
2251799813692417 2246736121484020

params 1024 52
4503599627424769 4498413513164037

params 1024 53
9007199254746113 8955989769764362

params 1024 54
18014398509500417 17997343811289106

params 1024 55
36028797018972161 36023608568905018

params 1024 56
72057594037934081 72014627909023606

params 1024 57
144115188075856897 143787393581602438

params 1024 58
288230376151748609 287791630424763725

params 1024 59
576460752303436801 575643260657655494

params 1024 60
1152921504606877697 1146855945809392401

params 2048 22
4206593 4205261

params 2048 23
8404993 8388789

params 2048 24
16801793 16771923

params 2048 25
33564673 33563833

params 2048 26
67127297 67111278

params 2048 27
134246401 133790779

params 2048 28
268441601 267616248

params 2048 29
536881153 536049750

params 2048 30
1073750017 1072754495

params 2048 31
2147493889 2144502269

params 2048 32
4294991873 4292523909

params 2048 33
8589987841 8571909116

params 2048 34
17179875329 17169222059

params 2048 35
34359754753 34358538909

params 2048 36
68719484929 68516440857

params 2048 37
137439004673 137252095327

params 2048 38
274877908993 274753030992

params 2048 39
549755860993 548818334447

params 2048 40
1099511678977 1098837429403

params 2048 41
2199023265793 2198089553198

params 2048 42
4398046523393 4391165647848

params 2048 43
8796093048833 8795088713215

params 2048 44
17592186062849 17584706324275

params 2048 45
35184372103169 35181476226457

params 2048 46
70368744183809 70364051093913

params 2048 47
140737488357377 140533550904063

params 2048 48
281474976749569 280293182726692

params 2048 49
562949953443841 562477819715401

params 2048 50
1125899906856961 1124991696057597

params 2048 51
2251799813773313 2250574470538275

params 2048 52
4503599627446273 4500059600788787

params 2048 53
9007199254751233 9005877429538550

params 2048 54
18014398509500417 17992419828943465

params 2048 55
36028797018972161 36009602930029047

params 2048 56
72057594037934081 71987523732237512

params 2048 57
144115188075878401 144072594859335448

params 2048 58
288230376151748609 288069825865442071

params 2048 59
576460752303439873 576050806831819070

params 2048 60
1152921504606877697 1151232239939167083
